5.148979681752007681e-02 3.827778077287474073e-02 2.748019168073245755e-02 2.147056264977825757e-02 1.637574825580519894e-02 1.634740742708344283e-02 1.123629035779119545e-02 8.751873914605738658e-03 8.446663373474038242e-03
3.827778077287474073e-02 4.420344197182370788e-02 2.700902626706862611e-02 2.066089070960586832e-02 1.431101324750040128e-02 1.429537469040501226e-02 1.078942944145359906e-02 7.633658184541850314e-03 7.069671550447040841e-03
2.748019168073245755e-02 2.700902626706862611e-02 2.255305867334332984e-02 1.516584737012306380e-02 1.077801002670371495e-02 1.000238407465302987e-02 7.165906318691748003e-03 5.546063970843471969e-03 5.517953319032835660e-03
2.147056264977825757e-02 2.066089070960586832e-02 1.516584737012306380e-02 1.296700759380494880e-02 9.261850439545362204e-03 8.072172497728182308e-03 5.878390483180947340e-03 4.291998326620884846e-03 4.017340793547687083e-03
1.637574825580519894e-02 1.431101324750040128e-02 1.077801002670371495e-02 9.261850439545362204e-03 7.529388402503836390e-03 6.159734587379789815e-03 4.451439913186300626e-03 3.406407945232520912e-03 3.278704655151234385e-03
1.634740742708344283e-02 1.429537469040501226e-02 1.000238407465302987e-02 8.072172497728182308e-03 6.159734587379789815e-03 6.057145132161136092e-03 4.595017911069219051e-03 3.635832634147225916e-03 3.451387390059726910e-03
1.123629035779119545e-02 1.078942944145359906e-02 7.165906318691748003e-03 5.878390483180947340e-03 4.451439913186300626e-03 4.595017911069219051e-03 3.857027819394303995e-03 3.156093240954119944e-03 2.912684574822369411e-03
8.751873914605738658e-03 7.633658184541850314e-03 5.546063970843471969e-03 4.291998326620884846e-03 3.406407945232520912e-03 3.635832634147225916e-03 3.156093240954119944e-03 3.010631226181018517e-03 2.859706666312661349e-03
8.446663373474038242e-03 7.069671550447040841e-03 5.517953319032835660e-03 4.017340793547687083e-03 3.278704655151234385e-03 3.451387390059726910e-03 2.912684574822369411e-03 2.859706666312661349e-03 2.923743508401173506e-03
